0, 383
1, 886
2, 777
3, 915
4, 793
5, 335
6, 386
7, 492
8, 649
9, 421
10, 362
11, 27
12, 690
13, 59
14, 763
15, 926
16, 540
17, 426
18, 172
19, 736
20, 211
21, 368
22, 567
23, 429
24, 782
25, 530
26, 862
27, 123
28, 67
29, 135
30, 929
31, 802
32, 22
33, 58
34, 69
35, 167
36, 393
37, 456
38, 11
39, 42
40, 229
41, 373
42, 421
43, 919
44, 784
45, 537
46, 198
47, 324
48, 315
49, 370
50, 413
51, 526
52, 91
53, 980
54, 956
55, 873
56, 862
57, 170
58, 996
59, 281
60, 305
61, 925
62, 84
63, 327
64, 336
65, 505
66, 846
67, 729
68, 313
69, 857
70, 124
71, 895
72, 582
73, 545
74, 814
75, 367
76, 434
77, 364
78, 43
79, 750
80, 87
81, 808
82, 276
83, 178
84, 788
85, 584
86, 403
87, 651
88, 754
89, 399
90, 932
91, 60
92, 676
93, 368
94, 739
95, 12
96, 226
97, 586
98, 94
99, 539
100, 795
101, 570
102, 434
103, 378
104, 467
105, 601
106, 97
107, 902
108, 317
109, 492
110, 652
111, 756
112, 301
113, 280
114, 286
115, 441
116, 865
117, 689
118, 444
119, 619
120, 440
121, 729
122, 31
123, 117
124, 97
125, 771
126, 481
127, 675
128, 709
129, 927
130, 567
131, 856
132, 497
133, 353
134, 586
135, 965
136, 306
137, 683
138, 219
139, 624
140, 528
141, 871
142, 732
143, 829
144, 503
145, 19
146, 270
147, 368
148, 708
149, 715
150, 340
151, 149
152, 796
153, 723
154, 618
155, 245
156, 846
157, 451
158, 921
159, 555
160, 379
161, 488
162, 764
163, 228
164, 841
165, 350
166, 193
167, 500
168, 34
169, 764
170, 124
171, 914
172, 987
173, 856
174, 743
175, 491
176, 227
177, 365
178, 859
179, 936
180, 432
181, 551
182, 437
183, 228
184, 275
185, 407
186, 474
187, 121
188, 858
189, 395
190, 29
191, 237
192, 235
193, 793
194, 818
195, 428
196, 143
197, 11
198, 928
199, 529
200, 776
201, 404
202, 443
203, 763
204, 613
205, 538
206, 606
207, 840
208, 904
209, 818
210, 128
211, 688
212, 369
213, 917
214, 917
215, 996
216, 324
217, 743
218, 470
219, 183
220, 490
221, 499
222, 772
223, 725
224, 644
225, 590
226, 505
227, 139
228, 954
229, 786
230, 669
231, 82
232, 542
233, 464
234, 197
235, 507
236, 355
237, 804
238, 348
239, 611
240, 622
241, 828
242, 299
243, 343
244, 746
245, 568
246, 340
247, 422
248, 311
249, 810
250, 605
251, 801
252, 661
253, 730
254, 878
255, 305
256, 320
257, 736
258, 444
259, 626
260, 522
261, 465
262, 708
263, 416
264, 282
265, 258
266, 924
267, 637
268, 62
269, 624
270, 600
271, 36
272, 452
273, 899
274, 379
275, 550
276, 468
277, 71
278, 973
279, 131
280, 881
281, 930
282, 933
283, 894
284, 660
285, 163
286, 199
287, 981
288, 899
289, 996
290, 959
291, 773
292, 813
293, 668
294, 190
295, 95
296, 926
297, 466
298, 84
299, 340
300, 90
301, 684
302, 376
303, 542
304, 936
305, 107
306, 445
307, 756
308, 179
309, 418
310, 887
311, 412
312, 348
313, 172
314, 659
315, 9
316, 336
317, 210
318, 342
319, 587
320, 206
321, 301
322, 713
323, 372
324, 321
325, 255
326, 819
327, 599
328, 721
329, 904
330, 939
331, 811
332, 940
333, 667
334, 705
335, 228
336, 127
337, 150
338, 984
339, 658
340, 920
341, 224
342, 422
343, 269
344, 396
345, 81
346, 630
347, 84
348, 292
349, 972
350, 672
351, 850
352, 625
353, 385
354, 222
355, 299
356, 640
357, 42
358, 898
359, 713
360, 298
361, 190
362, 524
363, 590
364, 209
365, 581
366, 819
367, 336
368, 732
369, 155
370, 994
371, 4
372, 379
373, 769
374, 273
375, 776
376, 850
377, 255
378, 860
379, 142
380, 579
381, 884
382, 993
383, 205
384, 621
385, 567
386, 504
387, 613
388, 961
389, 754
390, 326
391, 259
392, 944
393, 202
394, 202
395, 506
396, 784
397, 21
398, 842
399, 868
400, 528
401, 189
402, 872
403, 908
404, 958
405, 498
406, 36
407, 808
408, 753
409, 248
410, 303
411, 333
412, 133
413, 648
414, 890
415, 754
416, 567
417, 746
418, 368
419, 529
420, 500
421, 46
422, 788
423, 797
424, 249
425, 990
426, 303
427, 33
428, 363
429, 497
430, 253
431, 892
432, 686
433, 125
434, 152
435, 996
436, 975
437, 188
438, 157
439, 729
440, 436
441, 460
442, 414
443, 921
444, 460
445, 304
446, 28
447, 27
448, 50
449, 748
450, 556
451, 902
452, 794
453, 697
454, 699
455, 43
456, 39
457, 2
458, 428
459, 403
460, 500
461, 681
462, 647
463, 538
464, 159
465, 151
466, 535
467, 134
468, 339
469, 692
470, 215
471, 127
472, 504
473, 629
474, 49
475, 964
476, 285
477, 429
478, 343
479, 335
480, 177
481, 900
482, 238
483, 971
484, 949
485, 289
486, 367
487, 988
488, 292
489, 795
490, 743
491, 144
492, 829
493, 390
494, 682
495, 340
496, 541
497, 569
498, 826
499, 232
500, 261
501, 42
502, 360
503, 117
504, 23
505, 761
506, 81
507, 309
508, 190
509, 425
510, 996
511, 367
512, 677
513, 234
514, 690
515, 626
516, 524
517, 57
518, 614
519, 168
520, 205
521, 358
522, 312
523, 386
524, 100
525, 346
526, 726
527, 994
528, 916
529, 552
530, 578
531, 529
532, 946
533, 290
534, 647
535, 970
536, 51
537, 80
538, 631
539, 593
540, 857
541, 627
542, 312
543, 886
544, 214
545, 355
546, 512
547, 90
548, 412
549, 479
550, 610
551, 969
552, 189
553, 274
554, 355
555, 641
556, 620
557, 433
558, 987
559, 888
560, 338
561, 566
562, 770
563, 284
564, 856
565, 417
566, 606
567, 260
568, 849
569, 237
570, 205
571, 59
572, 217
573, 518
574, 945
575, 783
576, 873
577, 458
578, 873
579, 637
580, 289
581, 483
582, 607
583, 478
584, 757
585, 314
586, 471
587, 729
588, 100
589, 459
590, 618
591, 438
592, 25
593, 388
594, 74
595, 233
596, 157
597, 681
598, 493
599, 358
601, 699
602, 417
603, 839
604, 569
605, 363
606, 622
607, 794
608, 173
609, 847
610, 431
611, 462
612, 682
613, 390
614, 292
615, 791
616, 57
617, 115
618, 521
619, 157
620, 574
621, 491
622, 947
623, 951
624, 231
625, 21
626, 537
627, 740
628, 54
629, 30
630, 98
631, 325
632, 81
633, 516
634, 516
635, 2
636, 231
637, 139
638, 796
639, 404
640, 338
641, 580
642, 218
643, 21
644, 970
645, 862
646, 812
647, 379
648, 977
649, 685
650, 536
651, 904
652, 176
653, 483
654, 207
655, 759
656, 857
657, 744
658, 499
659, 911
660, 127
661, 950
662, 236
663, 560
664, 818
665, 105
666, 563
667, 49
668, 244
669, 711
670, 805
671, 934
672, 291
673, 375
674, 955
675, 614
676, 589
677, 768
678, 993
679, 918
680, 805
681, 882
682, 822
683, 982
684, 717
685, 30
686, 93
687, 574
688, 126
689, 593
690, 486
691, 253
692, 543
693, 74
694, 814
695, 713
696, 179
697, 377
698, 762
699, 775
700, 88
701, 919
702, 710
703, 732
704, 294
705, 17
706, 346
707, 235
708, 137
709, 691
710, 153
711, 943
712, 573
713, 328
714, 925
715, 291
716, 710
717, 18
718, 217
719, 836
720, 963
721, 55
722, 90
723, 858
724, 130
725, 904
726, 571
727, 661
728, 633
729, 685
730, 789
731, 73
732, 604
733, 851
734, 805
735, 250
736, 868
737, 503
738, 485
739, 6
740, 195
741, 639
742, 949
743, 120
744, 967
745, 226
746, 763
747, 677
748, 596
749, 981
750, 865
751, 560
752, 36
753, 955
754, 770
755, 518
756, 211
757, 342
758, 532
759, 196
760, 379
761, 321
762, 270
763, 984
764, 172
765, 427
766, 234
767, 40
768, 283
769, 72
770, 398
771, 830
772, 63
773, 347
774, 950
775, 30
776, 573
777, 714
778, 59
779, 522
780, 47
781, 924
782, 82
783, 435
784, 232
785, 204
786, 954
787, 443
788, 898
789, 486
790, 640
791, 278
792, 159
793, 262
794, 262
795, 683
796, 41
797, 848
798, 723
799, 324
800, 272
801, 122
802, 154
803, 335
804, 821
805, 457
806, 365
807, 747
808, 171
809, 776
810, 269
811, 218
812, 701
813, 703
814, 653
815, 933
816, 907
817, 959
818, 728
819, 806
820, 797
821, 720
822, 84
823, 308
824, 334
825, 698
826, 991
827, 376
828, 898
829, 715
830, 52
831, 171
832, 189
833, 559
834, 506
835, 10
836, 16
837, 224
838, 109
839, 539
840, 0
841, 378
842, 109
843, 53
844, 81
845, 114
846, 338
847, 989
848, 426
849, 67
850, 147
851, 223
852, 787
853, 231
854, 532
855, 122
856, 281
857, 875
858, 850
859, 179
860, 590
861, 254
862, 350
863, 131
864, 813
865, 857
866, 494
867, 181
868, 81
869, 603
870, 720
871, 433
872, 982
873, 181
874, 487
875, 415
876, 296
877, 825
878, 404
879, 722
880, 892
881, 551
882, 297
883, 32
884, 134
885, 181
886, 506
887, 415
888, 57
889, 708
890, 595
891, 999
892, 962
893, 297
894, 483
895, 776
896, 154
897, 977
898, 309
899, 587
900, 932
