0, 383
1, 886
2, 777
3, 915
4, 793
5, 335
6, 386
7, 492
8, 649
9, 421
10, 362
11, 27
12, 690
13, 59
14, 763
15, 926
16, 540
17, 426
18, 172
19, 736
20, 211
21, 368
22, 567
23, 429
24, 782
25, 530
26, 862
27, 123
28, 67
29, 135
30, 929
31, 802
32, 22
33, 58
34, 69
35, 167
36, 393
37, 456
38, 11
39, 42
40, 229
41, 373
42, 421
43, 919
44, 784
45, 537
46, 198
47, 324
48, 315
49, 370
50, 413
51, 526
52, 91
53, 980
54, 956
55, 873
56, 862
57, 170
58, 996
59, 281
60, 305
61, 925
62, 84
63, 327
64, 336
65, 505
66, 846
67, 729
68, 313
69, 857
70, 124
71, 895
72, 582
73, 545
74, 814
75, 367
76, 434
77, 364
78, 43
79, 750
80, 87
81, 808
82, 276
83, 178
84, 788
85, 584
86, 403
87, 651
88, 754
89, 399
90, 932
91, 60
92, 676
93, 368
94, 739
95, 12
96, 226
97, 586
98, 94
99, 539
100, 795
101, 570
102, 434
103, 378
104, 467
105, 601
106, 97
107, 902
108, 317
109, 492
110, 652
111, 756
112, 301
113, 280
114, 286
115, 441
116, 865
117, 689
118, 444
119, 619
120, 440
121, 729
122, 31
123, 117
124, 97
125, 771
126, 481
127, 675
128, 709
129, 927
130, 567
131, 856
132, 497
133, 353
134, 586
135, 965
136, 306
137, 683
138, 219
139, 624
140, 528
141, 871
142, 732
143, 829
144, 503
145, 19
146, 270
147, 368
148, 708
149, 715
150, 340
151, 149
152, 796
153, 723
154, 618
155, 245
156, 846
157, 451
158, 921
159, 555
160, 379
161, 488
162, 764
163, 228
164, 841
165, 350
166, 193
167, 500
168, 34
169, 764
170, 124
171, 914
172, 987
173, 856
174, 743
175, 491
176, 227
177, 365
178, 859
179, 936
180, 432
181, 551
182, 437
183, 228
184, 275
185, 407
186, 474
187, 121
188, 858
189, 395
190, 29
191, 237
192, 235
193, 793
194, 818
195, 428
196, 143
197, 11
198, 928
199, 529
200, 776
201, 404
202, 443
203, 763
204, 613
205, 538
206, 606
207, 840
208, 904
209, 818
210, 128
211, 688
212, 369
213, 917
214, 917
215, 996
216, 324
217, 743
218, 470
219, 183
220, 490
221, 499
222, 772
223, 725
224, 644
225, 590
226, 505
227, 139
228, 954
229, 786
230, 669
231, 82
232, 542
233, 464
234, 197
235, 507
236, 355
237, 804
238, 348
239, 611
240, 622
241, 828
242, 299
243, 343
244, 746
245, 568
246, 340
247, 422
248, 311
249, 810
250, 605
251, 801
252, 661
253, 730
254, 878
255, 305
256, 320
257, 736
258, 444
259, 626
260, 522
261, 465
262, 708
263, 416
264, 282
265, 258
266, 924
267, 637
268, 62
269, 624
270, 600
271, 36
272, 452
273, 899
274, 379
275, 550
276, 468
277, 71
278, 973
279, 131
280, 881
281, 930
282, 933
283, 894
284, 660
285, 163
286, 199
287, 981
288, 899
289, 996
290, 959
291, 773
292, 813
293, 668
294, 190
295, 95
296, 926
297, 466
298, 84
299, 340
300, 90
301, 684
302, 376
303, 542
304, 936
305, 107
306, 445
307, 756
308, 179
309, 418
310, 887
311, 412
312, 348
313, 172
314, 659
315, 9
316, 336
317, 210
318, 342
319, 587
320, 206
321, 301
322, 713
323, 372
324, 321
325, 255
326, 819
327, 599
328, 721
329, 904
330, 939
331, 811
332, 940
333, 667
334, 705
335, 228
336, 127
337, 150
338, 984
339, 658
340, 920
341, 224
342, 422
343, 269
344, 396
345, 81
346, 630
347, 84
348, 292
349, 972
350, 672
351, 850
352, 625
353, 385
354, 222
355, 299
356, 640
357, 42
358, 898
359, 713
360, 298
361, 190
362, 524
363, 590
364, 209
365, 581
366, 819
367, 336
368, 732
369, 155
370, 994
371, 4
372, 379
373, 769
374, 273
375, 776
376, 850
377, 255
378, 860
379, 142
380, 579
381, 884
382, 993
383, 205
384, 621
385, 567
386, 504
387, 613
388, 961
389, 754
390, 326
391, 259
392, 944
393, 202
394, 202
395, 506
396, 784
397, 21
398, 842
399, 868
400, 528
401, 189
402, 872
403, 908
404, 958
405, 498
406, 36
407, 808
408, 753
409, 248
410, 303
411, 333
412, 133
413, 648
414, 890
415, 754
416, 567
417, 746
418, 368
419, 529
420, 500
421, 46
422, 788
423, 797
424, 249
425, 990
426, 303
427, 33
428, 363
429, 497
430, 253
431, 892
432, 686
433, 125
434, 152
435, 996
436, 975
437, 188
438, 157
439, 729
440, 436
441, 460
442, 414
443, 921
444, 460
445, 304
446, 28
447, 27
448, 50
449, 748
450, 556
451, 902
452, 794
453, 697
454, 699
455, 43
456, 39
457, 2
458, 428
459, 403
460, 500
461, 681
462, 647
463, 538
464, 159
465, 151
466, 535
467, 134
468, 339
469, 692
470, 215
471, 127
472, 504
473, 629
474, 49
475, 964
476, 285
477, 429
478, 343
479, 335
480, 177
481, 900
482, 238
483, 971
484, 949
485, 289
486, 367
487, 988
488, 292
489, 795
490, 743
491, 144
492, 829
493, 390
494, 682
495, 340
496, 541
497, 569
498, 826
499, 232
