0, 383
1, 386
2, 277
3, 415
4, 293
5, 335
6, 386
7, 492
8, 149
9, 421
10, 362
11, 27
12, 190
13, 59
14, 263
15, 426
16, 40
17, 426
18, 172
19, 236
20, 211
21, 368
22, 67
23, 429
24, 282
25, 30
26, 362
27, 123
28, 67
29, 135
30, 429
31, 302
32, 22
33, 58
34, 69
35, 167
36, 393
37, 456
38, 11
39, 42
40, 229
41, 373
42, 421
43, 419
44, 284
45, 37
46, 198
47, 324
48, 315
49, 370
50, 413
51, 26
52, 91
53, 480
54, 456
55, 373
56, 362
57, 170
58, 496
59, 281
60, 305
61, 425
62, 84
63, 327
64, 336
65, 5
66, 346
67, 229
68, 313
69, 357
70, 124
71, 395
72, 82
73, 45
74, 314
75, 367
76, 434
77, 364
78, 43
79, 250
80, 87
81, 308
82, 276
83, 178
84, 288
85, 84
86, 403
87, 151
88, 254
89, 399
90, 432
91, 60
92, 176
93, 368
94, 239
95, 12
96, 226
97, 86
98, 94
99, 39
100, 295
101, 70
102, 434
103, 378
104, 467
105, 101
106, 97
107, 402
108, 317
109, 492
110, 152
111, 256
112, 301
113, 280
114, 286
115, 441
116, 365
117, 189
118, 444
119, 440
120, 229
121, 31
122, 117
123, 97
124, 271
125, 481
126, 175
127, 209
128, 427
129, 67
130, 356
131, 497
132, 353
133, 86
134, 465
135, 306
136, 183
137, 219
138, 124
139, 28
140, 371
141, 232
142, 329
143, 3
144, 19
145, 270
146, 368
147, 208
148, 215
149, 340
150, 149
151, 296
152, 223
153, 118
154, 245
155, 346
156, 451
157, 421
158, 55
159, 379
160, 488
161, 264
162, 228
163, 341
164, 350
165, 193
166, 0
167, 34
168, 264
169, 124
170, 414
171, 487
172, 356
173, 243
174, 491
175, 227
176, 365
177, 359
178, 436
179, 432
180, 51
181, 437
182, 228
183, 275
184, 407
185, 474
186, 121
187, 358
188, 395
189, 29
190, 237
191, 235
192, 293
193, 318
194, 428
195, 143
196, 11
197, 428
198, 29
199, 276
200, 404
201, 443
202, 263
203, 113
204, 38
205, 106
206, 340
207, 404
208, 318
209, 128
210, 188
211, 369
212, 417
213, 417
214, 496
215, 324
216, 243
217, 470
218, 183
219, 490
220, 499
221, 272
222, 225
223, 144
224, 90
225, 5
226, 139
227, 454
228, 286
229, 169
230, 82
231, 42
232, 464
233, 197
234, 7
235, 355
236, 304
237, 348
238, 111
239, 122
240, 328
241, 299
242, 343
243, 246
244, 68
245, 340
246, 422
247, 311
248, 310
249, 105
250, 301
251, 161
252, 230
253, 378
254, 305
255, 320
256, 236
257, 444
258, 126
259, 22
260, 465
261, 208
262, 416
263, 282
264, 258
265, 424
266, 137
267, 62
268, 124
269, 100
270, 36
271, 452
272, 399
273, 379
274, 50
275, 468
276, 71
277, 473
278, 131
279, 381
280, 430
281, 433
282, 394
283, 160
284, 163
285, 199
286, 481
287, 399
288, 496
289, 459
290, 273
291, 313
292, 168
293, 190
294, 95
295, 426
296, 466
297, 84
298, 340
299, 90
300, 184
301, 376
302, 42
303, 436
304, 107
305, 445
306, 256
307, 179
308, 418
309, 387
310, 412
311, 348
312, 172
313, 159
314, 9
315, 336
316, 210
317, 342
318, 87
319, 206
320, 301
321, 213
322, 372
323, 321
324, 255
325, 319
326, 99
327, 221
328, 404
329, 439
330, 311
331, 440
332, 167
333, 205
334, 228
335, 127
336, 150
337, 484
338, 158
339, 420
340, 224
341, 422
342, 269
343, 396
344, 81
345, 130
346, 84
347, 292
348, 472
349, 172
350, 125
351, 385
352, 222
353, 299
354, 140
355, 42
356, 398
357, 213
358, 298
359, 190
360, 24
361, 90
362, 209
363, 81
364, 319
365, 336
366, 232
367, 155
368, 494
369, 4
370, 379
371, 269
372, 273
373, 276
374, 350
375, 255
376, 360
377, 142
378, 79
379, 384
380, 493
381, 205
382, 121
383, 67
384, 4
385, 113
386, 461
387, 254
388, 326
389, 259
390, 444
391, 202
392, 202
393, 6
394, 284
395, 21
396, 342
397, 368
398, 28
399, 189
400, 372
401, 408
402, 458
403, 498
404, 36
405, 308
406, 253
407, 248
408, 303
409, 333
410, 133
411, 148
412, 390
413, 254
414, 67
415, 246
416, 368
417, 29
418, 0
419, 46
420, 288
421, 297
422, 249
423, 490
424, 303
425, 33
426, 363
427, 497
428, 253
429, 392
430, 186
431, 125
432, 152
433, 496
434, 475
435, 188
436, 157
437, 229
438, 436
439, 460
440, 414
441, 421
442, 460
443, 304
444, 28
445, 27
446, 50
447, 248
448, 56
449, 402
450, 294
451, 197
452, 199
453, 43
454, 39
455, 2
456, 428
457, 403
458, 0
459, 181
460, 147
461, 38
462, 159
463, 151
464, 35
466, 339
467, 192
468, 215
469, 127
470, 4
471, 129
472, 49
473, 464
474, 285
475, 429
476, 343
477, 335
478, 177
479, 400
480, 238
481, 471
482, 449
483, 289
484, 367
485, 488
486, 292
487, 295
488, 243
489, 144
490, 329
491, 390
492, 182
493, 340
494, 41
495, 69
496, 326
497, 232
498, 261
499, 42
360, 117
23, 261
81, 309
190, 425
496, 367
177, 234
190, 126
24, 57
114, 168
205, 358
312, 386
78, 29
147, 470
357, 127
214, 355
412, 479
110, 469
106, 260
217, 18
471, 229
157, 181
493, 358
431, 462
21, 157
54, 30
98, 325
338, 80
207, 259
236, 60
318, 105
93, 74
346, 235
463, 55
90, 358
130, 404
96, 481
32, 196
82, 435
272, 122
154, 335
297, 220
52, 171
483, 276
154, 477
116, 320
392, 25
136, 360
274, 445
382, 421
491, 172
83, 351
167, 364
260, 149
198, 449
355, 155
343, 304
153, 226
210, 373
134, 133
242, 354
319, 315
460, 204
329, 403
370, 294
131, 128
486, 302
10, 5
466, 297
154, 361
60, 381
313, 379
486, 430
303, 186
0, 15
323, 238
477, 35
120, 114
449, 29
457, 204
169, 170
468, 376
69, 128
18, 470
282, 23
299, 224
176, 434
2, 128
296, 433
407, 159
427, 495
141, 69
334, 126
55, 101
286, 370
182, 472
441, 231
325, 324
347, 454
462, 244
192, 318
209, 180
331, 0
446, 413
264, 228
386, 328
156, 54
309, 445
180, 2
225, 277
142, 490
173, 70
117, 275
302, 347
152, 154
106, 149
458, 57
268, 40
53, 223
476, 304
30, 475
107, 396
250, 263
104, 193
130, 22
433, 192
347, 161
352, 455
454, 126
296, 397
496, 66
41, 21
20, 12
92, 23
223, 238
301, 215
181, 483
63, 332
306, 482
397, 55
11, 204
184, 400
474, 373
328, 196
189, 57
179, 60
179, 223
327, 332
442, 204
362, 225
493, 299
255, 319
298, 106
90, 353
185, 124
8, 260
431, 244
8, 365
428, 451
246, 160
240, 200
164, 286
229, 286
401, 186
159, 290
384, 12
154, 167
122, 94
231, 31
371, 236
480, 236
403, 23
291, 286
275, 98
138, 373
4, 479
152, 307
409, 60
197, 54
168, 157
444, 431
496, 39
132, 380
350, 313
156, 475
325, 468
301, 378
103, 250
68, 125
266, 490
344, 17
403, 8
247, 492
293, 281
107, 476
3, 195
388, 496
246, 101
355, 484
367, 66
233, 45
4, 379
57, 173
398, 67
276, 188
32, 309
263, 360
113, 157
311, 237
257, 462
68, 159
334, 234
343, 140
480, 256
385, 424
36, 6
28, 172
220, 84
308, 309
426, 60
74, 296
498, 23
143, 216
438, 203
88, 387
457, 460
452, 285
309, 17
496, 296
108, 354
255, 215
406, 25
36, 312
441, 42
460, 1
253, 365
341, 243
460, 461
195, 246
106, 60
471, 96
302, 39
26, 2
323, 223
55, 41
25, 14
436, 424
268, 181
335, 225
452, 181
314, 93
99, 388
342, 295
365, 375
232, 131
193, 4
126, 228
369, 384
287, 327
67, 0
388, 42
438, 178
253, 434
201, 304
15, 342
142, 208
181, 289
184, 248
19, 53
199, 474
60, 489
167, 63
236, 107
409, 187
46, 57
453, 189
152, 321
204, 123
369, 293
286, 264
190, 369
310, 400
432, 154
320, 378
365, 434
335, 209
229, 170
341, 284
266, 261
269, 108
309, 413
67, 331
349, 312
257, 390
9, 21
427, 69
177, 190
48, 340
296, 420
234, 126
262, 41
294, 190
488, 101
212, 327
321, 469
322, 300
112, 148
282, 173
34, 332
221, 319
108, 140
89, 327
25, 103
90, 380
242, 396
293, 58
366, 128
315, 340
7, 478
303, 421
244, 125
102, 176
145, 36
440, 57
106, 465
14, 103
106, 340
226, 118
316, 373
148, 301
216, 160
126, 496
172, 412
118, 96
170, 119
172, 386
237, 177
438, 157
433, 151
180, 26
220, 346
75, 355
325, 275
70, 488
407, 273
236, 295
142, 147
206, 154
166, 15
378, 250
238, 135
156, 76
159, 447
149, 336
473, 477
276, 157
276, 289
427, 278
0, 426
69, 497
165, 318
37, 428
160, 243
60, 171
373, 70
236, 52
126, 39
54, 428
96, 28
143, 415
194, 253
494, 146
205, 279
394, 341
26, 222
328, 32
123, 86
224, 241
305, 309
25, 194
219, 261
447, 310
245, 361
21, 416
134, 260
234, 228
2, 225
405, 67
428, 233
490, 137
397, 494
178, 265
166, 458
314, 368
172, 390
315, 206
333, 358
376, 183
475, 92
152, 335
186, 408
60, 295
62, 466
50, 309
271, 285
312, 6
166, 107
106, 410
280, 385
21, 373
261, 423
435, 71
492, 162
278, 497
85, 339
485, 101
189, 46
362, 180
