0, 33
1, 36
2, 27
3, 15
4, 43
5, 35
6, 36
7, 42
8, 49
9, 21
10, 12
11, 27
12, 40
13, 9
14, 13
15, 26
16, 40
17, 26
18, 22
19, 36
20, 11
21, 18
22, 17
23, 29
24, 32
25, 30
26, 12
27, 23
28, 17
29, 35
30, 29
31, 2
32, 22
33, 8
34, 19
35, 17
36, 43
37, 6
38, 11
39, 42
40, 29
41, 23
42, 21
43, 19
44, 34
45, 37
46, 48
47, 24
48, 15
49, 20
13, 26
41, 30
6, 23
12, 20
46, 31
5, 25
34, 27
36, 5
13, 7
14, 17
34, 14
26, 28
26, 18
17, 1
17, 42
36, 41
44, 19
47, 21
8, 15
29, 38
27, 15
24, 21
18, 28
19, 17
20, 33
4, 36
42, 14
48, 11
22, 28
11, 10
5, 1
13, 18
26, 16
45, 6
22, 21
11, 40
17, 5
8, 20
24, 22
25, 35
44, 4
21, 17
8, 48
3, 48
33, 48
36, 25
2, 46
0, 48
43, 44
23, 11
40, 26
23, 37
7, 14
17, 39
21, 7
7, 9
41, 25
37, 41
17, 36
13, 27
31, 3
